8 29 0 80 32
10 29 0 80 32
11 29 0 80 32
11 29 0 80 32
6 28 0 80 32
7 28 0 80 32
8 28 0 192 88
9 28 0 192 88
10 28 0 248 120
11 28 248 216 112
12 28 0 80 32
5 27 0 80 32
6 27 0 192 88
7 27 0 192 88
8 27 0 248 120
9 27 0 248 120
10 27 216 160 56
11 27 247 247 247
12 27 0 80 32
4 26 0 80 32
5 26 0 192 88
6 26 0 248 120
7 26 0 248 120
8 26 0 248 120
9 26 0 80 32
10 26 0 0 0
11 26 0 0 0
12 26 0 0 0
13 26 0 0 0
14 26 0 0 0
3 25 0 80 32
4 25 0 192 88
5 25 0 248 120
6 25 0 248 120
7 25 0 80 32
8 25 0 0 0
9 25 0 0 0
10 25 0 0 0
11 25 0 0 0
12 25 0 0 0
13 25 0 0 0
14 25 0 0 0
15 25 0 0 0
3 24 0 80 32
4 24 0 248 120
5 24 0 248 120
6 24 0 80 32
7 24 0 0 0
8 24 0 0 0
9 24 0 0 0
10 24 0 0 0
11 24 0 0 0
12 24 0 0 0
13 24 0 0 0
2 23 0 80 32
3 23 136 88 24
4 23 136 88 24
5 23 0 80 32
6 23 0 0 0
7 23 0 0 0
8 23 0 0 0
9 23 247 247 247
10 23 247 247 247
11 23 248 144 40
12 23 247 247 247
2 22 136 88 24
3 22 247 247 247
4 22 247 247 247
5 22 136 88 24
6 22 0 80 32
7 22 0 0 0
8 22 248 144 40
9 22 247 247 247
10 22 0 0 0
11 22 248 144 40
12 22 0 0 0
1 21 136 88 24
2 21 247 247 247
3 21 247 247 247
4 21 247 247 247
5 21 247 247 247
6 21 136 88 24
7 21 0 0 0
8 21 248 144 40
9 21 247 247 247
10 21 0 0 0
11 21 248 200 152
12 21 248 200 152
13 21 248 200 152
14 21 248 200 152
15 21 136 88 24
1 20 136 88 24
2 20 247 247 247
3 20 247 247 247
4 20 247 247 247
5 20 247 247 247
6 20 136 88 24
7 20 0 0 0
8 20 0 0 0
9 20 248 200 152
10 20 248 200 152
11 20 248 200 152
12 20 248 200 152
13 20 248 200 152
14 20 248 200 152
15 20 136 88 24
1 19 136 88 24
2 19 247 247 247
3 19 247 247 247
4 19 0 80 32
5 19 0 80 32
6 19 0 80 32
7 19 0 0 0
8 19 248 200 152
9 19 248 200 152
10 19 0 0 0
11 19 248 144 40
12 19 248 144 40
13 19 248 144 40
14 19 248 144 40
15 19 136 88 24
1 18 0 80 32
2 18 247 247 247
3 18 0 80 32
4 18 0 248 120
5 18 0 248 120
6 18 0 248 120
7 18 0 80 32
8 18 248 200 152
9 18 0 0 0
10 18 0 0 0
11 18 0 0 0
12 18 0 0 0
13 18 0 0 0
14 18 0 0 0
2 17 0 80 32
3 17 0 192 88
4 17 0 192 88
5 17 0 248 120
6 17 0 248 120
7 17 0 248 120
8 17 0 80 32
9 17 248 200 152
10 17 0 0 0
11 17 0 0 0
12 17 0 0 0
13 17 0 0 0
3 16 0 80 32
4 16 0 192 88
5 16 0 192 88
6 16 0 248 120
7 16 0 248 120
8 16 0 80 32
9 16 248 200 152
10 16 248 200 152
11 16 248 200 152
12 16 136 88 24
3 15 0 80 32
4 15 0 192 88
5 15 0 192 88
6 15 0 192 88
7 15 0 248 120
8 15 0 80 32
9 15 136 88 24
10 15 136 88 24
11 15 136 88 24
2 14 56 0 120
3 14 0 80 32
4 14 0 192 88
5 14 0 192 88
6 14 0 192 88
7 14 0 192 88
8 14 0 80 32
9 14 112 40 248
10 14 0 80 32
13 14 136 88 24
14 14 136 88 24
15 14 136 88 24
2 13 56 0 120
3 13 56 0 120
4 13 0 80 32
5 13 0 80 32
6 13 0 80 32
7 13 0 80 32
8 13 112 40 248
9 13 152 104 248
10 13 0 192 88
11 13 0 80 32
12 13 0 0 0
13 13 247 247 247
14 13 247 247 247
15 13 247 247 247
16 13 136 88 24
1 12 56 0 120
2 12 112 40 248
3 12 152 104 248
4 12 112 40 248
5 12 112 40 248
6 12 112 40 248
7 12 112 40 248
8 12 247 247 247
9 12 247 247 247
10 12 152 104 248
11 12 56 0 120
12 12 0 0 0
13 12 247 247 247
14 12 247 247 247
15 12 247 247 247
16 12 136 88 24
1 11 56 0 120
2 11 112 40 248
3 11 152 104 248
4 11 152 104 248
5 11 152 104 248
6 11 152 104 248
7 11 152 104 248
8 11 247 247 247
9 11 247 247 247
10 11 152 104 248
11 11 56 0 120
12 11 0 0 0
13 11 247 247 247
14 11 247 247 247
15 11 247 247 247
16 11 136 88 24
1 10 56 0 120
2 10 56 0 120
3 10 56 0 120
4 10 56 0 120
5 10 152 104 248
6 10 152 104 248
7 10 152 104 248
8 10 152 104 248
9 10 152 104 248
10 10 152 104 248
11 10 56 0 120
12 10 0 0 0
13 10 136 88 24
14 10 136 88 24
15 10 136 88 24
1 9 56 0 120
2 9 112 40 248
3 9 112 40 248
4 9 56 0 120
5 9 152 104 248
6 9 152 104 248
7 9 152 104 248
8 9 152 104 248
9 9 56 0 120
10 9 56 0 120
11 9 56 0 120
2 8 56 0 120
3 8 112 40 248
4 8 112 40 248
5 8 112 40 248
6 8 112 40 248
7 8 152 104 248
8 8 152 104 248
9 8 152 104 248
10 8 152 104 248
11 8 56 0 120
3 7 56 0 120
4 7 56 0 120
5 7 112 40 248
6 7 112 40 248
7 7 112 40 248
8 7 152 104 248
9 7 152 104 248
10 7 152 104 248
11 7 152 104 248
12 7 56 0 120
5 6 56 0 120
6 6 56 0 120
7 6 112 40 248
8 6 112 40 248
9 6 152 104 248
10 6 152 104 248
11 6 152 104 248
12 6 56 0 120
7 5 56 0 120
8 5 112 40 248
9 5 112 40 248
10 5 112 40 248
11 5 152 104 248
12 5 56 0 120
8 4 56 0 120
9 4 112 40 248
10 4 112 40 248
11 4 112 40 248
12 4 56 0 120
8 3 0 0 0
9 3 56 0 120
10 3 56 0 120
11 3 56 0 120
12 3 0 0 0
13 3 0 0 0
8 2 0 0 0
9 2 136 88 24
10 2 136 88 24
11 2 136 88 24
12 2 136 88 24
13 2 248 216 112
14 2 0 0 0
8 1 0 0 0
9 1 0 0 0
10 1 0 0 0
11 1 0 0 0
12 1 0 0 0
13 1 0 0 0
14 1 0 0 0