8 28 0 80 32
9 28 0 80 32
10 28 0 80 32
11 28 0 80 32
12 28 0 80 32
7 27 0 80 32
8 27 0 192 88
9 27 0 192 88
10 27 0 192 88
11 27 0 192 88
12 27 0 192 88
13 27 0 80 32
5 26 0 80 32
6 26 0 80 32
7 26 0 192 88
8 26 0 192 88
9 26 0 192 88
10 26 0 248 120
11 26 0 248 120
12 26 216 160 56
13 26 0 80 32
4 25 0 80 32
5 25 0 192 88
6 25 0 192 88
7 25 0 192 88
8 25 0 192 88
9 25 0 248 120
10 25 0 248 120
11 25 0 248 120
12 25 0 80 32
13 25 0 0 0
14 25 0 0 0
15 25 0 0 0
3 24 0 80 32
4 24 0 192 88
5 24 0 192 88
6 24 0 192 88
7 24 0 192 88
8 24 0 248 120
9 24 0 248 120
10 24 0 248 120
11 24 0 80 32
12 24 0 0 0
13 24 0 0 0
14 24 0 0 0
15 24 0 0 0
16 24 0 0 0
2 23 0 80 32
3 23 0 192 88
4 23 0 192 88
5 23 0 192 88
6 23 0 192 88
7 23 0 248 120
8 23 0 248 120
9 23 0 80 32
10 23 0 0 0
11 23 0 0 0
12 23 0 0 0
13 23 0 0 0
14 23 0 0 0
15 23 0 0 0
2 22 0 80 32
3 22 0 192 88
4 22 0 192 88
5 22 0 192 88
6 22 0 248 120
7 22 0 248 120
8 22 0 0 0
9 22 0 0 0
10 22 0 0 0
11 22 0 0 0
12 22 0 0 0
13 22 0 0 0
1 21 0 80 32
2 21 0 192 88
3 21 0 192 88
4 21 0 192 88
5 21 0 248 120
6 21 248 200 152
7 21 248 200 152
8 21 0 0 0
9 21 0 0 0
10 21 0 0 0
11 21 248 144 40
12 21 0 0 0
1 20 0 80 32
2 20 0 192 88
3 21 0 192 88
4 21 0 192 88
5 21 0 248 120
6 21 248 200 152
7 21 248 200 152
8 21 0 0 0
9 21 0 0 0
10 21 0 0 0
11 21 248 144 40
12 21 0 0 0
1 20 0 80 32
2 20 0 192 88
3 20 0 248 120
4 20 0 248 120
5 20 0 248 120
6 20 248 144 40
7 20 136 88 24
8 20 248 200 152
9 20 0 0 0
10 20 0 0 0
11 20 248 144 40
12 20 0 0 0
13 20 248 200 152
14 20 248 200 152
15 20 248 200 152
16 20 136 88 24
1 19 0 80 32
2 19 0 192 88
3 19 0 192 88
4 19 0 192 88
5 19 0 80 32
6 19 248 144 40
7 19 136 88 24
8 19 248 200 152
9 19 0 0 0
10 19 0 0 0
11 19 0 0 0
12 19 248 200 152
13 19 248 200 152
14 19 248 200 152
15 19 248 200 152
16 19 136 88 24
1 18 0 80 32
2 18 0 192 88
3 18 0 192 88
4 18 0 192 88
5 18 0 80 32
6 18 0 0 0
7 18 248 144 40
8 18 248 200 152
9 18 248 200 152
10 18 0 0 0
11 18 248 200 152
12 18 248 200 152
13 18 0 0 0
14 18 248 144 40
15 18 248 144 40
16 18 136 88 24
2 17 0 80 32
3 17 0 80 32
4 17 0 80 32
5 17 0 0 0
6 17 0 0 0
7 17 0 0 0
8 17 0 0 0
9 17 248 144 40
10 17 248 200 152
11 17 248 200 152
12 17 0 0 0
13 17 0 0 0
14 17 0 0 0
15 17 0 0 0
3 16 0 0 0
4 16 0 0 0
5 16 0 0 0
6 16 0 0 0
7 16 0 0 0
8 16 0 0 0
9 16 248 144 40
10 16 248 144 40
11 16 248 144 40
12 16 248 200 152
13 16 0 0 0
14 16 0 0 0
4 15 0 0 0
5 15 0 0 0
6 15 0 0 0
7 15 0 0 0
8 15 0 0 0
9 15 0 0 0
10 15 112 40 248
11 15 112 40 248
12 15 0 80 32
13 15 0 80 32
14 15 0 80 32
15 15 0 80 32
16 15 0 80 32
19 15 136 88 24
20 15 136 88 24
3 14 56 0 120
4 14 0 80 32
5 14 0 248 120
6 14 0 248 120
7 14 0 80 32
8 14 152 104 248
9 14 152 104 248
10 14 112 40 248
11 14 0 80 32
12 14 0 248 120
13 14 0 248 120
14 14 0 248 120
15 14 0 248 120
16 14 0 248 120
17 14 229 0 168
18 14 136 88 24
19 14 247 247 247
20 14 247 247 247
21 14 248 216 112
2 13 56 0 120
3 13 112 40 248
4 13 0 80 32
5 13 0 80 32
6 13 112 40 248
7 13 152 104 248
8 13 152 104 248
9 13 152 104 248
10 13 0 80 32
11 13 0 192 88
12 13 0 248 120
13 13 0 248 120
14 13 0 248 120
15 13 0 248 120
16 13 0 248 120
17 13 136 88 24
18 13 247 247 247
19 13 247 247 247
20 13 247 247 247
21 13 247 247 247
22 13 136 88 24
2 12 56 0 120
3 12 112 40 248
4 12 152 104 248
5 12 152 104 248
6 12 152 104 248
7 12 152 104 248
8 12 152 104 248
9 12 112 40 248
10 12 0 80 32
11 12 0 192 88
12 12 0 192 88
13 12 0 192 88
14 12 0 192 88
15 12 0 192 88
16 12 0 192 88
17 12 136 88 24
18 12 247 247 247
19 12 247 247 247
20 12 247 247 247
21 12 247 247 247
22 12 248 216 112
1 11 56 0 120
2 11 112 40 248
3 11 152 104 248
4 11 152 104 248
5 11 152 104 248
6 11 152 104 248
7 11 152 104 248
8 11 152 104 248
9 11 112 40 248
10 11 112 40 248
11 11 0 80 32
12 11 0 80 32
13 11 0 80 32
14 11 0 80 32
15 11 0 80 32
16 11 0 80 32
17 11 229 0 168
18 11 136 88 24
19 11 247 247 247
20 11 247 247 247
21 11 136 88 24
1 10 56 0 120
2 10 112 40 248
3 10 152 104 248
4 10 152 104 248
5 10 152 104 248
6 10 152 104 248
7 10 152 104 248
8 10 152 104 248
9 10 152 104 248
10 10 112 40 248
11 10 112 40 248
12 10 56 0 120
1 9 56 0 120
2 9 56 0 120
3 9 56 0 120
4 9 56 0 120
5 9 56 0 120
6 9 56 0 120
7 9 152 104 248
8 9 152 104 248
9 9 152 104 248
10 9 56 0 120
11 9 56 0 120
1 8 56 0 120
2 8 112 40 248
3 8 152 104 248
4 8 152 104 248
5 8 152 104 248
6 8 56 0 120
7 8 152 104 248
8 8 152 104 248
9 8 56 0 120
10 8 152 104 248
11 8 152 104 248
12 8 56 0 120
1 7 56 0 120
2 7 56 0 120
3 7 112 40 248
4 7 112 40 248
5 7 112 40 248
6 7 56 0 120
7 7 152 104 248
8 7 152 104 248
9 7 152 104 248
10 7 152 104 248
11 7 152 104 248
12 7 152 104 248
13 7 56 0 120
14 7 0 0 0
15 7 0 0 0
2 6 56 0 120
3 6 56 0 120
4 6 56 0 120
5 6 56 0 120
6 6 112 40 248
7 6 112 40 248
8 6 112 40 248
9 6 112 40 248
10 6 152 104 248
11 6 152 104 248
12 6 152 104 248
13 6 56 0 120
14 6 136 88 24
15 6 216 160 56
16 6 0 0 0
3 5 56 0 120
4 5 56 0 120
5 5 112 40 248
6 5 112 40 248
7 5 112 40 248
8 5 56 0 120
9 5 112 40 248
10 5 112 40 248
11 5 152 104 248
12 5 56 0 120
13 5 136 88 24
14 5 136 88 24
15 5 0 0 0
16 5 0 0 0
5 4 56 0 120
6 4 56 0 120
7 4 56 0 120
9 4 56 0 120
10 4 112 40 248
11 4 56 0 120
12 4 136 88 24
13 4 136 88 24
14 4 136 88 24
15 4 0 0 0
10 3 56 0 120
11 3 56 0 120
12 3 136 88 24
13 3 136 88 24
14 3 0 0 0
15 3 0 0 0
11 2 0 0 0
12 2 136 88 24
13 2 0 0 0
14 2 0 0 0
12 1 0 0 0