8 28 1 1 w
9 28 1 1 w
10 28 1 1 w
11 28 1 1 w
12 28 1 1 w
6 27 1 1 w
7 27 1 1 w
8 27 1 1 t
9 27 1 1 t
10 27 1 1 u
11 27 1 1 t
12 27 1 1 t
13 27 1 1 w
5 26 1 1 w
6 26 1 1 t
7 26 1 1 t
8 26 1 1 v
9 26 1 1 x
10 26 1 1 u
11 26 1 1 z
12 26 1 1 v
13 26 1 1 w
4 25 1 1 w
5 25 1 1 t
6 25 1 1 v
7 25 1 1 v
8 25 1 1 b
9 25 1 1 b
10 25 1 1 b
11 25 1 1 b
12 25 1 1 b
13 25 1 1 b
14 25 1 1 b
3 24 1 1 w
4 24 1 1 t
5 24 1 1 v
6 24 1 1 b
7 24 1 1 b
8 24 1 1 b
9 24 1 1 b
10 24 1 1 b
11 24 1 1 b
12 24 1 1 b
13 24 1 1 b
14 24 1 1 b
15 24 1 1 b
2 23 1 1 w
3 23 1 1 v
4 23 1 1 v
5 23 1 1 b
6 23 1 1 b
7 23 1 1 b
8 23 1 1 b
9 23 1 1 b
10 23 1 1 b
11 23 1 1 b
12 23 1 1 b
13 23 1 1 b
14 23 1 1 b
15 23 1 1 b
2 22 1 1 w
3 22 1 1 v
4 22 1 1 v
5 22 1 1 b
6 22 1 1 b
7 22 1 1 s
8 22 1 1 z
9 22 1 1 z
10 22 1 1 s
11 22 1 1 z
12 22 1 1 z
13 22 1 1 b
14 22 1 1 b
2 21 1 1 s
3 21 1 1 r
4 21 1 1 b
5 21 1 1 b
6 21 1 1 s
7 21 1 1 s
8 21 1 1 z
9 21 1 1 b
10 21 1 1 r
11 21 1 1 b
12 21 1 1 z
1 20 1 1 s
2 20 1 1 q
3 20 1 1 r
4 20 1 1 b
5 20 1 1 b
6 20 1 1 s
7 20 1 1 r
8 20 1 1 z
9 20 1 1 b
10 20 1 1 r
11 20 1 1 b
12 20 1 1 z
13 20 1 1 r
14 20 1 1 q
1 19 1 1 s
2 19 1 1 q
3 19 1 1 s
4 19 1 1 b
5 19 1 1 b
6 19 1 1 b
7 19 1 1 r
8 19 1 1 r
9 19 1 1 s
10 19 1 1 s
11 19 1 1 r
12 19 1 1 r
13 19 1 1 r
14 19 1 1 q
2 18 1 1 s
3 18 1 1 s
4 18 1 1 s
5 18 1 1 b
6 18 1 1 r
7 18 1 1 r
8 18 1 1 b
9 18 1 1 q
10 18 1 1 s
11 18 1 1 s
12 18 1 1 s
13 18 1 1 s
14 18 1 1 q
15 18 1 1 q
2 17 1 1 b
3 17 1 1 b
4 17 1 1 b
5 17 1 1 s
6 17 1 1 s
7 17 1 1 b
8 17 1 1 b
9 17 1 1 b
10 17 1 1 b
11 17 1 1 b
12 17 1 1 b
13 17 1 1 q
14 17 1 1 z
15 17 1 1 z
16 17 1 1 q
3 16 1 1 b
4 16 1 1 b
5 16 1 1 s
6 16 1 1 s
7 16 1 1 r
8 16 1 1 r
9 16 1 1 b
10 16 1 1 b
11 16 1 1 b
12 16 1 1 q
13 16 1 1 z
14 16 1 1 z
15 16 1 1 z
16 16 1 1 q
4 15 1 1 b
5 15 1 1 q
6 15 1 1 s
7 15 1 1 s
8 15 1 1 r
9 15 1 1 r
10 15 1 1 w
11 15 1 1 w
12 15 1 1 q
13 15 1 1 z
14 15 1 1 z
15 15 1 1 q
5 14 1 1 w
6 14 1 1 w
7 14 1 1 w
8 14 1 1 w
9 14 1 1 w
10 14 1 1 t
11 14 1 1 v
12 14 1 1 q
13 14 1 1 z
14 14 1 1 z
15 14 1 1 q
4 13 1 1 w
5 13 1 1 t
6 13 1 1 t
7 13 1 1 t
8 13 1 1 t
9 13 1 1 t
10 13 1 1 t
11 13 1 1 t
12 13 1 1 v
13 13 1 1 q
14 13 1 1 q
3 12 1 1 w
4 12 1 1 v
5 12 1 1 v
6 12 1 1 t
7 12 1 1 t
8 12 1 1 t
9 12 1 1 t
10 12 1 1 t
11 12 1 1 t
12 12 1 1 v
13 12 1 1 w
3 11 1 1 w
4 11 1 1 w
5 11 1 1 v
6 11 1 1 v
7 11 1 1 v
8 11 1 1 v
9 11 1 1 v
10 11 1 1 v
11 11 1 1 w
12 11 1 1 w
3 10 1 1 v
4 10 1 1 o
5 10 1 1 w
6 10 1 1 w
7 10 1 1 w
8 10 1 1 w
9 10 1 1 w
10 10 1 1 w
11 10 1 1 n
12 10 1 1 n
13 10 1 1 z
3 9 1 1 v
4 9 1 1 o
5 9 1 1 o
6 9 1 1 n
7 9 1 1 n
8 9 1 1 n
9 9 1 1 z
10 9 1 1 z
11 9 1 1 n
12 9 1 1 n
13 9 1 1 z
3 8 1 1 v
4 8 1 1 o
5 8 1 1 o
6 8 1 1 n
7 8 1 1 n
8 8 1 1 n
9 8 1 1 n
10 8 1 1 n
11 8 1 1 n
12 8 1 1 o
13 8 1 1 v
4 7 1 1 v
5 7 1 1 o
6 7 1 1 o
7 7 1 1 n
8 7 1 1 n
9 7 1 1 n
10 7 1 1 n
11 7 1 1 n
12 7 1 1 o
13 7 1 1 v
4 6 1 1 v
5 6 1 1 o
6 6 1 1 o
7 6 1 1 o
8 6 1 1 n
9 6 1 1 n
10 6 1 1 n
11 6 1 1 o
12 6 1 1 v
5 5 1 1 v
6 5 1 1 o
7 5 1 1 o
8 5 1 1 o
9 5 1 1 o
10 5 1 1 o
11 5 1 1 o
12 5 1 1 v
6 4 1 1 v
7 4 1 1 v
8 4 1 1 v
9 4 1 1 v
10 4 1 1 v
11 4 1 1 v
6 3 1 1 b
7 3 1 1 q
8 3 1 1 q
9 3 1 1 q
10 3 1 1 q
11 3 1 1 b
6 2 1 1 b
7 2 1 1 q
8 2 1 1 q
9 2 1 1 q
10 2 1 1 u
11 2 1 1 q
12 2 1 1 b
6 1 1 1 b
7 1 1 1 b
8 1 1 1 b
9 1 1 1 b
10 1 1 1 b
11 1 1 1 b
12 1 1 1 b