10 27 1 1 w
11 27 1 1 w
12 27 1 1 w
13 27 1 1 w
14 27 1 1 w
8 26 1 1 w
9 26 1 1 w
10 26 1 1 t
11 26 1 1 t
12 26 1 1 u
12 26 1 1 u
13 26 1 1 t
14 26 1 1 t
15 26 1 1 w
7 25 1 1 w
8 25 1 1 t
9 25 1 1 t
10 25 1 1 v
11 25 1 1 x
12 25 1 1 u
13 25 1 1 z
14 25 1 1 v
15 25 1 1 w
6 24 1 1 w
7 24 1 1 t
8 24 1 1 v
9 24 1 1 v
10 24 1 1 y
11 24 1 1 y
12 24 1 1 y
13 24 1 1 y
14 24 1 1 y
15 24 1 1 y
16 24 1 1 y
5 23 1 1 w
6 23 1 1 t
7 23 1 1 v
8 23 1 1 y
9 23 1 1 y
10 23 1 1 y
11 23 1 1 y
12 23 1 1 y
13 23 1 1 y
14 23 1 1 y
15 23 1 1 y
16 23 1 1 y
17 23 1 1 y
4 22 1 1 w
5 22 1 1 v
6 22 1 1 v
7 22 1 1 y
8 22 1 1 y
9 22 1 1 y
10 22 1 1 y
11 22 1 1 y
12 22 1 1 y
13 22 1 1 y
14 22 1 1 y
15 22 1 1 y
16 22 1 1 y
17 22 1 1 y
2 21 1 1 y
3 21 1 1 y
4 21 1 1 w
5 21 1 1 v
6 21 1 1 v
7 21 1 1 y
8 21 1 1 y
9 21 1 1 s
10 21 1 1 z
11 21 1 1 z
12 21 1 1 s
13 21 1 1 z
14 21 1 1 z
15 21 1 1 y
16 21 1 1 y
4 20 1 1 s
5 20 1 1 r
6 20 1 1 y
7 20 1 1 y
8 20 1 1 s
9 20 1 1 s
10 20 1 1 z
11 20 1 1 y
12 20 1 1 r
13 20 1 1 y
14 20 1 1 z
3 19 1 1 s
4 19 1 1 q
5 19 1 1 r
6 19 1 1 y
7 19 1 1 y
8 19 1 1 s
9 19 1 1 r
10 19 1 1 z
11 19 1 1 y
12 19 1 1 r
13 19 1 1 y
14 19 1 1 z
15 19 1 1 r
16 19 1 1 q
3 18 1 1 s
4 18 1 1 q
5 18 1 1 s
6 18 1 1 y
7 18 1 1 y
8 18 1 1 y
9 18 1 1 r
10 18 1 1 r
11 18 1 1 s
12 18 1 1 s
13 18 1 1 r
14 18 1 1 r
15 18 1 1 r
16 18 1 1 q
4 17 1 1 s
5 17 1 1 s
6 17 1 1 s
7 17 1 1 y
8 17 1 1 r
9 17 1 1 r
10 17 1 1 y
11 17 1 1 q
12 17 1 1 s
13 17 1 1 s
14 17 1 1 s
15 17 1 1 s
16 17 1 1 q
17 17 1 1 y
6 16 1 1 s
7 16 1 1 s
8 16 1 1 s
9 16 1 1 y
10 16 1 1 y
11 16 1 1 y
12 16 1 1 y
13 16 1 1 y
14 16 1 1 y
15 16 1 1 y
16 16 1 1 y
17 16 1 1 y
7 15 1 1 s
8 15 1 1 s
9 15 1 1 r
10 15 1 1 r
11 15 1 1 y
12 15 1 1 y
13 15 1 1 y
14 15 1 1 y
15 15 1 1 y
16 15 1 1 y
7 14 1 1 q
8 14 1 1 s
9 14 1 1 s
10 14 1 1 s
11 14 1 1 s
12 14 1 1 s
13 14 1 1 s
14 14 1 1 s
15 14 1 1 q
7 13 1 1 w
8 13 1 1 v
9 13 1 1 v
10 13 1 1 w
11 13 1 1 w
12 13 1 1 q
13 13 1 1 q
14 13 1 1 q
6 12 1 1 w
7 12 1 1 t
8 12 1 1 t
9 12 1 1 w
10 12 1 1 v
11 12 1 1 q
12 12 1 1 z
13 12 1 1 z
14 12 1 1 z
15 12 1 1 q
5 11 1 1 w
6 11 1 1 v
7 11 1 1 t
8 11 1 1 t
9 11 1 1 t
10 11 1 1 q
11 11 1 1 z
12 11 1 1 z
13 11 1 1 z
14 11 1 1 z
15 11 1 1 z
16 11 1 1 q
5 10 1 1 w
6 10 1 1 v
7 10 1 1 v
8 10 1 1 t
9 10 1 1 t
10 10 1 1 q
11 10 1 1 z
12 10 1 1 z
13 10 1 1 z
14 10 1 1 z
15 10 1 1 z
16 10 1 1 q
5 9 1 1 p
7 9 1 1 v
7 8 1 1 w
8 8 1 1 v
9 8 1 1 v
10 8 1 1 w
11 8 1 1 w
12 8 1 1 q
13 8 1 1 q
14 8 1 1 q
15 8 1 1 z
5 7 1 1 p
6 7 1 1 o
7 7 1 1 p
8 7 1 1 w
9 7 1 1 w
10 7 1 1 w
11 7 1 1 n
12 7 1 1 n
13 7 1 1 n
14 7 1 1 o
15 7 1 1 p
5 6 1 1 p
6 6 1 1 o
7 6 1 1 o
8 6 1 1 o
9 6 1 1 n
10 6 1 1 n
11 6 1 1 n
12 6 1 1 n
13 6 1 1 n
14 6 1 1 o
15 6 1 1 p
6 5 1 1 p
7 5 1 1 o
8 5 1 1 o
9 5 1 1 o
10 5 1 1 n
11 5 1 1 n
12 5 1 1 p
13 5 1 1 o
14 5 1 1 p
6 4 1 1 p
7 4 1 1 o
8 4 1 1 o
9 4 1 1 o
10 4 1 1 o
11 4 1 1 o
12 4 1 1 p
13 4 1 1 o
14 4 1 1 p
7 3 1 1 p
8 3 1 1 p
9 3 1 1 p
10 3 1 1 p
11 3 1 1 p
12 3 1 1 p
13 3 1 1 p
7 2 1 1 q
8 2 1 1 q
9 2 1 1 q
10 2 1 1 q
11 2 1 1 q
12 2 1 1 y
13 2 1 1 q
8 1 1 1 q
9 1 1 1 q
10 1 1 1 q
11 1 1 1 q
12 1 1 1 u
13 1 1 1 y
14 1 1 1 u