1 1 14 1 d
1 3 14 2 l
2 5 12 2 l
2 6 2 1 d
3 10 2 4 d
5 9 2 2 l
4 7 9 2 l
13 7 1 2 d
5 13 1 3 s
6 13 1 2 s
7 11 1 1 w
6 10 3 1 w
8 9 2 1 w
9 8 1 1 w
11 9 1 2 w
12 12 1 4 w
13 13 2 1 s
13 12 1 2 s
8 14 3 3 l
9 14 2 2 y
10 14 1 1 b
3 16 12 2 l
9 17 2 1 d
2 14 2 3 y
1 17 1 3 y
1 18 5 1 y
1 19 5 1 y
2 22 2 3 y
2 25 5 3 y
4 26 4 2 y
5 27 9 3 y
14 26 1 3 y
10 24 2 1 y
13 18 1 1 y
1 22 1 3 y
8 30 5 2 y
8 29 1 1 b
10 29 1 1 r
12 29 1 1 b
5 21 1 2 s
5 19 1 1 b
6 19 1 1 s
7 22 2 5 s
9 23 1 1 s
12 23 1 1 s
10 22 2 2 s
9 20 3 3 s
12 20 1 2 s
13 22 1 3 s
10 19 2 1 r