0 1 14 1 d
0 3 14 2 l
1 5 12 2 l
11 6 2 1 d
10 10 2 4 d
8 9 2 2 l
2 7 9 2 l
1 7 1 2 d
9 13 1 3 s
8 13 1 2 s
7 11 1 1 w
6 10 3 1 w
5 9 2 1 w
5 8 1 1 w
3 9 1 2 w
2 12 1 4 w
0 13 2 1 s
1 12 1 2 s
4 14 3 3 l
4 14 2 2 y
4 14 1 1 b
0 16 12 2 l
4 17 2 1 d
11 14 2 3 y
13 17 1 3 y
9 18 5 1 y
9 19 5 1 y
11 22 2 3 y
8 25 5 3 y
7 26 4 2 y
1 27 9 3 y
0 26 1 3 y
3 24 2 1 y
1 18 1 1 y
13 22 1 3 y
2 30 5 2 y
6 29 1 1 b
4 29 1 1 r
2 29 1 1 b
9 21 1 2 s
9 19 1 1 b
8 19 1 1 s
6 22 2 5 s
5 23 1 1 s
2 23 1 1 s
3 22 2 2 s
3 20 3 3 s
2 20 1 2 s
1 22 1 3 s
3 19 1 1 r